107 400.435 283.144 399.375 285.808 399.193 284.67 400.962 285.374
108 400.755 283.261 399.409 286.163 398.808 284.308 401.236 285.434
109 400.347 283.115 400.008 286.287 398.736 284.81 401.263 285.08
110 399.96 284.278 400.065 285.668 399.441 285.087 400.521 285.006
237 77.6659 256.185 76.4047 258.044 76.0887 256.644 77.8452 257.836
238 77.0543 256.203 76.8571 258.597 75.6166 257.513 77.6122 257.678
256 425.903 363.37 424.008 364.748 424.47 363.049 425.704 364.746
257 424.374 362.376 425.293 365.066 423.521 363.93 425.796 363.153
258 424.181 364.131 424.382 363.964 423.521 363.93 425.796 363.153
267 92.1132 399.233 92.1359 402.862 91.0724 401.261 93.2447 401.248
268 92.1821 398.851 92.5802 403.103 90.719 401.481 93.9276 401.18
269 92.3104 399.057 92.5794 402.784 90.7856 401.065 93.3765 400.878
270 91.949 400.151 92.1306 401.473 91.493 400.937 92.4051 400.812
307 158.674 425.65 156.638 429.435 156.468 426.972 159.102 428.389
308 159.252 424.386 156.793 429.86 156.046 426.395 159.931 428.139
309 159.551 424.527 156.346 429.269 156.27 425.8 159.955 428.292
310 159.549 425.739 155.907 428.32 156.487 425.894 158.621 428.906
311 156.743 427.896 157.716 427.133 157.686 427.759 157.143 427.066
310 65.9145 365.251 62.6876 369.498 62.4576 366.367 66.2463 369.246
311 61.1384 368.045 67.5233 365.694 65.7481 370.064 63.5607 364.123
312 65.8734 363.118 63.3536 369.75 61.6699 365.711 67.9177 368.085
313 61.1368 366.977 68.3072 366.015 65.4934 369.532 64.5724 362.664
314 62.6985 363.285 67.6136 368.184 62.2218 367.895 66.6518