66 176.191 261.558 173.802 264.437 173.634 262.74 175.798 264.536
67 172.384 263.637 177.611 263.374 175.736 265.591 175.527 261.436
68 174.226 260.384 175.828 265.549 172.642 264.195 177.292 262.753
69 173.903 260.525 175.851 265.585 172.458 264.867 177.472 262.936
70 173.895 260.529 174.814 265.579 172.442 263.64 176.551 262.892
71 175.217 261.567 173.937 264.48 173.427 262.193 175.532 263.118
214 118.5 213.016 124.439 215.148 119.949 215.495 121.383 211.5
215 118.507 211.979 125.558 214.857 119.726 216.343 122.101 210.523
216 125.518 213.042 118.523 216.051 120.516 210.392 123.172 216.566
217 126.439 213.846 118.449 215.816 121.528 209.344 123.309 216.567
218 120.898 209.528 124.145 216.46 118.577 215.198 125.466 211.97
219 123.103 209.537 121.153 216.641 119.423 211.289 125.52 212.963
220 122.529 209.339 122.09 216.486 119.447 213.364 124.56 213.679
221 122.205 210.392 124 215.5 120.5 212.998 123.902 211.803
246 386.627 314.755 390.344 317.307 387.929 317.491 389.991 314.487
247 387 313.5 390.253 318.345 386.465 316.915 390.539 314.179
248 390.177 313.599 386.823 318.401 386.5 314 390.561 316.836
249 386.898 313.575 390.262 318.387 386.513 318.04 390.559 315.212
250 390.479 314.922 386.53 317.115 388 313.5 390.15 317.372
264 417.489 294.058 413.447 295.993 415 293.5 416.461 296.554
265 417.475 293.941 413.671 296.321 413.85 293.62 416.189 297.358
266 413.5 294 417.515 295.966 415.117 297.556 417.077 293.552
267 413.5 294 417.492 295.074 414.343 296.555 415.177 293.456
280 216.53 326.893 220.484 328.102 216.992 328.5 217.603 326.5
281 220.123 325.566 217.879 329.434 217.418 326.216 220.484 327.995
282 218.21 324.39 220.008 329.497 216.437 328.51 220.57 327.056
283 218.21 324.39 220.008 329.497 216.438 328.512 220.57 327.057
284 216.897 325.528 220.232 329.414 216.51 329.024 220.351 325.728
285 218.906 326.401 218.094 328.599 217.5 327 219.554 327.759
293 414.527 318.346 414.789 321.648 413.5 319.917 415.537 319.755
294 416.046 318.504 413.975 322.477 413.5 319 416.475 320.551
295 417.519 319.047 412.474 320.95 414.211 317.415 416.104 322.431
296 416.005 317.502 414.114 322.548 413.5 318 417.617 319.543
297 416.297 318.654 413.703 321.346 413.621 318.806 416.269 321.357
303 355.216 410.566 352.731 414.368 352.618 411.709 355.84 413.814
304 352.894 410.53 355.179 415.445 352.51 414.007 356.518 412.144
305 356.179 410.601 352.828 415.407 352.5 411 356.556 413.828
306 357.414 410.865 352.531 414.067 352.891 410.541 355.529 414.564
307 354.219 410.413 355.114 414.478 353.429 412.61 356.531 411.927
323 420.453 354.975 423.408 356.238 421.924 356.488 422.777 354.494
324 419.895 353.574 423.223 357.398 420.205 356.762 423.451 353.937
325 420.214 353.406 421.778 358.589 418.405 355.729 423.548 354.177
326 420.202 353.41 422.179 358.445 419.433 356.73 423.564 355.108
327 420.899 353.527 423.154 357.463 419.571 357.21 423.466 354.979
328 422.368 354.787 420.579 356.222 420.913 354.521 422.337 356.296
355 437 380.5 437.83 383.577 436.451 382.722 439.46 381.91
356 436.9 379.527 439.145 383.467 435.644 382.263 438.92 380.397
357 439.468 379.93 435.507 382.012 436.897 379.574 438.96 383.499
358 437.234 379.374 439.112 383.456 436.513 383.067 439.549 381.67
359 439.494 380.936 436.475 381.895 437.212 380.414 437.883 382.527
360 383.453 296.59 388.612 296.441 386.747 298.599 386.628 294.5
361 385.312 292.344 387.15 298.465 383.444 296.749 388.53 295.221
362 384 291.5 386.134 299.445 382.544 295.084 388.959 293.361
363 383.31 291.344 387.159 299.403 383.604 297.172 389.568 294.324
364 382.892 291.579 388.158 299.395 383.688 297.234 389.117 293.575
365 386 290.5 387.927 299.528 383.473 294.921 389.235 293.691
366 384.899 291.527 389.107 299.482 384.541 297.144 388.932 294.821
367 386.218 294.387 387.95 299.523 385.435 297.752 388.572 296.694
383 424.569 386.902 428.49 389.08 424.953 389.497 426.618 386.5
384 423.621 386.806 428.494 390.006 425.332 390.623 428.025 386.522
385 428.519 387.047 423.48 388.953 425.211 385.415 427.107 390.428
386 428.401 386.734 423.526 389.108 424.201 386.5 425.696 389.57
387 427.253 386.66 424.702 389.339 424.621 386.805 426.725 388.808
74 374.242 257.38 375.05 259.497 373.5 258 374.915 257.46
75 373.657 256.621 376.261 259.339 373.633 259.289 376.337 256.699
76 374.904 255.476 374.26 259.597 372.383 257.649 375.562 258.146
77 372.616 255.859 375.329 258.255 372.609 257.189 374.06 255.547
387 333.136 379.529 330.876 383.476 330.525 379.904 333.546 381.634
388 333.968 379.471 330.961 384.497 329.56 380.833 333.438 383.154
389 333.931 378.475 331.107 384.537 329.497 381.006 333.956 383.083
390 334.216 378.6 330.819 384.444 329.53 379.782 334.636 382.75
391 332.812 377.456 332.321 384.55 329.418 380.131 335.663 380.563
392 329.505 381.001 336.65 381.6 331.478 383.558 331.908 378.443
393 330.5 379 336.401 382.203 332.024 383.501 334.761 378.46
394 335.038 378.515 332.962 382.484 332.5 379 335.562 380.602
76 201.19 297.558 198.802 300.437 198.634 298.74 200.796 300.534
77 202.289 297.639 198.616 301.201 198.853 297.619 202.357 301.233
78 200.545 296.34 200.485 302.625 198.428 300.58 202.572 300.619
79 199.92 296.525 201.854 301.582 198.461 300.855 203.464 298.942
80 200.21 296.39 202.008 301.497 198.437 300.51 202.57 299.056
81 198.5 298 202.692 299.829 199.047 300.5 200.394 297.413
78 363.38 213.628 367.623 213.535 365.546 215.624 365.455 211.449
79 363.577 211.895 367.379 215.211 363.619 215.204 366.472 211.932
80 363.896 211.575 367.231 215.361 363.686 215.285 366.958 212.403
81 365 211.5 365.898 215.53 363.443 213.661 366.541 212.971
96 385.501 213.022 389.453 214.173 387.055 214.521 387.933 211.504
97 389.094 210.548 387.079 215.54 385.44 212.261 389.522 213.909
98 390.526 212.05 385.48 213.953 387.211 210.415 389.109 215.447
99 390.623 211.046 385.397 212.742 387.213 210.419 388.874 215.535
100 389.023 210.508 386.941 214.475 386.5 211 390.45 213.073
101 386.5 211.991 389.547 213.096 387.09 213.527 388.163 210.567
140 149 276.5 146.952 280.48 146.716 277.669 150.124 279.422
141 150.457 276.911 145.537 280.081 147 276.5 149.616 280.561
142 150.045 276.519 146.885 281.429 145.674 277.775 149.996 280.557
143 149.931 275.475 147.106 281.537 145.436 277.364 150.562 279.752
144 147.208 275.408 148.633 281.617 145.442 278.653 150.561 277.477
145 150.177 275.599 146.823 280.401 146.5 276 150.561 278.836
146 148 275.5 148.949 280.496 147.436 278.631 150.553 278.039
159 360.573 231.118 355.39 232.957 357 229.5 358.778 234.512
160 354.458 230.171 361.588 231.786 357.046 234.519 358.373 228.658
161 361.597 231.249 354.448 232.794 356.199 228.41 357.539 234.611
162 361.442 229.873 354.567 233.138 356.211 228.407 358.896 234.061
163 360.362 228.727 354.555 233.11 355.894 228.577 359.406 233.23
164 354.544 229.784 360.495 232.048 356.201 233.552 358.137 228.465
165 360.562 230.135 354.524 232.055 357 228.5 358.29 232.557
180 375.358 262.721 371.601 265.22 372.803 262.623 375.265 266.325
181 375.282 262.683 371.616 266.199 371.853 262.619 375.335 266.25
182 375.199 262.616 371.683 266.281 371.619 262.853 375.25 266.335
183 375.206 262.62 371.688 266.288 371.895 262.577 374.999 265.554
184 373.544 262.337 373.314 266.557 371.391 264.44 375.544 264.667
207 123.846 269.962 127.065 274.671 124.973 273.863 126.983 272.489
208 122.16 265.846 127.174 275.524 121.226 269.791 125.932 267.353
209 120.875 264.812 127.678 276.06 122.256 274.611 128.452 270.864
210 121.363 263.783 128.799 276.544 121.087 274.778 129.182 270.061
211 121.225 263.535 127.051 278.276 118.261 270.193 128.574 266.117
212 122.151 263.145 126.88 279.225 118.183 270.408 129.793 266.994
213 123.416 262.944 126.815 279.242 118.277 271.208 130.95 268.565
214 117.498 266.702 131.234 275.287 121.793 276.411 129.021 264.845
215 117.912 266.992 130.758 276.038 121.518 275.84 129.253 264.856
216 125.815 263.221 127.852 278.5 119.086 269.762 131.124 268.157
217 123.384 264.236 128.34 278.427 120.32 271.047 130.878 267.359
218 122.898 264.836 129.285 278.429 121.655 272.92 131.145 268.46
219 123.043 265.246 129.704 278.411 122.483 273.885 131.221 269.464
220 123.38 265.74 128.878 278.238 122.343 272.857 130.735 269.165
221 124.01 266.113 128.769 277.445 122.3 272.607 130.176 269.3
222 124.883 266.255 127.839 277.265 122.413 272.692 130.104 270.627
223 125.084 266.545 127.848 276.262 122.394 271.846 128.891 269.998
224 125.92 266.751 127.696 275.51 122.415 271.518 128.158 270.353
225 125.152 267.764 126.998 275.224 122.732 270.905 127.157 269.81
