41 342.36 288.687 337.702 292.183 338.815 287.587 341.686 291.412
42 342.454 289.804 337.592 291.845 339.12 287.429 340.864 291.582
56 129.932 241.551 129.097 244.607 128.282 243.14 130.509 243.748
57 129.591 241.083 128.841 245.327 127.589 243.088 131.039 243.698
58 130.755 241.976 128.363 245.119 128.042 242.555 130.818 244.667
168 168.89 310.068 172.529 311.012 170.794 311.987 171.625 308.784
169 173.138 310.112 168.947 311.43 170.297 308.801 171.423 312.381
170 171.738 310.071 170.419 312.004 170.008 310.34 171.724 311.511
41 157.683 275.072 160.94 276.128 158.895 277.023 159.646 274.709
42 156.291 275.033 159.695 278.953 156.341 277.215 159.235 274.702
43 154.993 276.341 160.421 277.976 157.638 279.334 158.887 275.187
44 157.684 277.007 158.805 277.975 157.909 278.009 158.624 277.181
52 177.892 260.578 186.186 270.408 176.756 268.362 183.363 262.787
53 177.731 259.644 188.285 271.327 178.799 270.365 187.923 262.123
54 178.893 257.579 188.051 272.477 175.703 267.251 187.533 259.978
55 192.476 261.945 175.449 266.846 182 257.5 186.203 272.105
56 195.444 261.867 175.496 267.99 181.505 257.395 186.175 272.61
57 196.523 262.063 175.392 264.667 186.526 256.342 188.895 275.564
58 177.437 263.208 197.52 265.947 187.034 275.513 189.607 256.651
59 186.202 255.41 188.869 276.539 177.429 265.714 196.561 263.299
60 177.566 261.865 194.48 272.05 185.833 274.397 194.901 259.34
61 195.403 257.82 177.455 266.879 181.922 257.535 190.386 274.302
62 196.543 260.13 177.436 265.767 187 255.5 192.141 272.927
63 196.54 260.14 176.455 265.845 186.5 255.396 191.375 272.558
64 195.493 257.982 177.582 266.163 182.186 256.448 189.446 272.343
65 175.446 262.208 194.496 267.964 185.88 272.442 190.834 256.048
66 175.46 262.164 193.491 268.055 184.49 270.564 189.434 255.433
67 177.479 261.047 192.5 267 184.38 268.57 189.584 255.437
68 178.409 262.255 193.565 265.779 186.321 268.565 189.374 255.438
69 179.498 261.005 193.443 265.13 188.036 267.515 190.995 257.512
70 184.5 260 191.982 264.371 185.384 263.845 188.949 257.742
71 185.64 260.271 190.414 262.252 186.746 262.968 188.398 258.985
76 165.063 313.865 166.329 317.092 164.167 315.563 166.883 314.497
77 163.467 314.035 167.464 317.682 163.914 317.166 167.143 313.627
78 165.017 312.046 166.661 318.668 162.087 315.827 168.292 314.286
79 163.113 312.848 167.672 318.206 163.01 317.409 168.046 313.125
80 168.728 313.486 163.433 316.872 164.496 313.425 167.462 318.061
141 367.902 169.231 365.077 172.365 364.997 170.046 367.015 171.866
142 366.777 167.721 365.202 173.897 363.931 170.242 368.344 171.367
143 366.699 167.061 365.008 174.227 363.732 169.765 368.539 170.9
144 366.822 167.326 366.055 174.376 364.269 170.096 368.489 170.555
145 366.931 170.909 366.692 172.357 366.265 171.777 367.149 171.923
146 95.2072 209.392 97.9592 216.513 93.5426 214.072 98.9857 211.968
147 98.3992 210.821 93.593 214.172 95.2007 210.41 98.0363 214.477
148 98.5464 211.11 93.5 213 94.8926 210.579 96.2738 214.268
48 176.389 255.862 175.804 262.117 173.964 258.834 177.564 259.17
49 177.024 255.023 175.93 262.094 174.461 257.567 178.688 258.221
50 178.038 254.593 176.797 261.322 174.718 257.314 179.297 258.159
51 178.451 254.779 177.023 260.675 175.137 257.63 179.397 258.662
52 178.451 255.584 176.765 259.898 176.182 257.941 178.72 258.933
147 104.099 265.212 100.853 266.938 101.509 264.82 102.696 267.053
148 103.799 264.072 101.229 267.694 100.757 264.607 104.037 266.934
149 103.671 264.487 101.615 267.856 100.785 264.869 104.058 266.866
52 165.86 294.286 169.485 295.008 167.294 295.692 167.712 293.597
53 166.386 294.956 170.346 296.887 167.683 297.468 169.162 294.435
54 166.73 296.198 170.144 297.544 167.701 298.176 168.82 295.339
